function getTheGlobals
global d15a;
global d15b;
global d16a;
global d16b;
global d17a;
global d17b;
global h;
global h16;
global h17;

%%%%%%%% STEP 3 : Coding the motion vectors %%%%%%%%%%
global d9a;
global d9b;
global h9;

 d15a=[
    %0 1 simplified
    0 1
    0 2
    0 3
    0 4
    0 5
    0 6
    0 7
    0 8
    0 9
    0 10
    0 11
    0 12
    0 13
    0 14
    0 15
    0 16
    0 17
    0 18
    0 19
    0 20
    0 21
    0 22
    0 23
    0 24
    0 25
    0 26
    0 27
    0 28
    0 29
    0 30
    0 31
    0 32
    0 33
    0 34
    0 35
    0 36
    0 37
    0 38
    0 39
    0 0
    1 1
    1 2
    1 3
    1 4
    1 5
    1 6
    1 7
    1 8
    1 9
    1 10
    1 11
    1 12
    1 13
    1 14
    1 15
    1 16
    1 17
    1 18
    2 1
    2 2
    2 3
    2 4
    2 5
    3 1
    3 2
    3 3
    3 4
    4 1
    4 2
    4 3
    5 1
    5 2
    5 3
    6 1
    6 2
    6  3
    7  1
    7  2
    8  1
    8  2
    9  1
    9  2
    10 1
    10 2
    11 1
    11 2
    12 1
    12 2
    13 1
    13 2
    14 1
    14 2
    15 1
    15 2
    16 1
    16 2
    17 1
    18 1
    19 1
    20 1
    21 1
    22 1
    23 1
    24 1
    25 1
    26 1
    27 1
    28 1
    29 1
    30 1
    31 1
    NaN 0%escape sequence
    NaN NaN];%end of block


 d15b={
    %'1' simplified
    '11'
    '0100'
    '00101'
    '0000110'
    '00100110'
    '00100001'
    '0000001010'
    '000000011101'
    '000000011000'
    '000000010011'
    '000000010000'
    '0000000011010'
    '0000000011001'
    '0000000011000'
    '0000000010111'
    '00000000011111'
    '00000000011110'
    '00000000011101'
    '00000000011100'
    '00000000011011'
    '00000000011010'
    '00000000011001'
    '00000000011000'
    '00000000010111'
    '00000000010110'
    '00000000010101'
    '00000000010100'
    '00000000010011'
    '00000000010010'
    '00000000010001'
    '00000000010000'
    '000000000011000'
    '000000000010111'
    '000000000010110'
    '000000000010101'
    '000000000010100'
    '000000000010011'
    '000000000010010'
    '000000000010001'
    '000000000010000'
    '011'
    '000110'
    '00100101'
    '0000001100'
    '000000011011'
    '0000000010110'
    '0000000010101'
    '000000000011111'
    '000000000011110'
    '000000000011101'
    '000000000011100'
    '000000000011011'
    '000000000011010'
    '000000000011001'
    '0000000000010011'
    '0000000000010010'
    '0000000000010001'
    '0000000000010000'
    '0101'
    '0000100'
    '0000001011'
    '000000010100'
    '0000000010100'
    '00111'
    '00100100'
    '000000011100'
    '0000000010011'
    '00110'
    '0000001111'
    '000000010010'
    '000111'
    '0000001001'
    '0000000010010'
    '000101'
    '000000011110'
    '0000000000010100'
    '000100'
    '000000010101'
    '0000111'
    '000000010001'
    '0000101'
    '0000000010001'
    '00100111'
    '0000000010000'
    '00100011'
    '0000000000011010'
    '00100010'
    '0000000000011001'
    '00100000'
    '0000000000011000'
    '0000001110'
    '0000000000010111'
    '0000001101'
    '0000000000010110'
    '0000001000'
    '0000000000010101'
    '000000011111'
    '000000011010'
    '000000011001'
    '000000010111'
    '000000010110'
    '0000000011111'
    '0000000011110'
    '0000000011101'
    '0000000011100'
    '0000000011011'
    '0000000000011111'
    '0000000000011110'
    '0000000000011101'
    '0000000000011100'
    '0000000000011011'
    '000001'%escape sequence
    '10'};%end of block

 d16a=[0:63]';
 d16b ={
    '000000'
    '000001'
    '000010'
    '000011'
    '000100'
    '000101'
    '000110'
    '000111'
    '001000'
    '001001'
    '001010'
    '001011'
    '001100'
    '001101'
    '001110'
    '001111'
    '010000'
    '010001'
    '010010'
    '010011'
    '010100'
    '010101'
    '010110'
    '010111'
    '011000'
    '011001'
    '011010'
    '011011'
    '011100'
    '011101'
    '011110'
    '011111'
    '100000'
    '100001'
    '100010'
    '100011'
    '100100'
    '100101'
    '100110'
    '100111'
    '101000'
    '101001'
    '101010'
    '101011'
    '101100'
    '101101'
    '101110'
    '101111'
    '110000'
    '110001'
    '110010'
    '110011'
    '110100'
    '110101'
    '110110'
    '110111'
    '111000'
    '111001'
    '111010'
    '111011'
    '111100'
    '111101'
    '111110'
    '111111'};


 d17a=[-255:1:-1,1:255]';
